7.740014195442199707e-01 7.141197919845581055e-01
8.220870792865753174e-02 -4.464744329452514648e-01
-4.795598387718200684e-01 -7.521959394216537476e-02
-1.063957884907722473e-01 1.349217295646667480e-01
5.468854904174804688e-01 -2.822133600711822510e-01
-6.813800334930419922e-01 5.319547057151794434e-01
-5.446686148643493652e-01 4.142424166202545166e-01
-1.952650099992752075e-01 -1.100253313779830933e-01
-5.285732746124267578e-01 -2.497896701097488403e-01
3.533978164196014404e-01 2.030211538076400757e-01
-2.153187394142150879e-01 -4.903356730937957764e-01
1.342173665761947632e-01 7.078951597213745117e-01
6.036045551300048828e-01 4.962671995162963867e-01
-4.548418521881103516e-01 2.461997419595718384e-02
-5.040696263313293457e-01 -3.202880024909973145e-01
-2.166594415903091431e-01 -3.805045783519744873e-01
