-5.188384747953844744e-01
1.814949354661505643e+00
-5.514252326075030908e-01
3.122343147267129471e+00
3.309371017336589782e-01
1.367682619562554214e+00
3.267512864095019953e+00
6.987350186519267758e-01
9.222700436579083227e-01
2.124681543192783906e+00
1.926806394629028141e+00
1.002603109889657729e+00
2.704576934196468940e+00
1.249838168729769494e+00
7.047941848968515277e-01
2.077326612357264679e+00
3.299503169309468964e-01
1.913547832613904154e+00
6.569424139235304771e-01
2.776192721552225517e+00
2.070043501081288539e+00
7.046765141248213515e-01
7.806892468043094002e-01
2.066516000138275189e+00
6.362762050630073052e-01
-4.179621279805050271e-01
2.317146109118919828e+00
1.934359162761440487e+00
-9.244064558249391883e-01
1.726227722751244809e+00
-9.083547315670359446e-02
1.032725859897545506e+00
2.334678738329590164e+00
2.389120081734820822e+00
1.212232661007394352e+00
1.168799059585184930e-01
4.421726632568374615e-01
3.185122314925634690e-01
1.609688864845654876e+00
2.241764597775992574e-01
5.465912658694537241e-01
1.852093505990034972e+00
3.642973425739379767e-01
1.474586470303753671e+00
1.281169123169105362e+00
8.726985506569542306e-01
8.681171871321557987e-03
4.419068155173176971e-01
5.903281429310816009e-01
7.414911252820589604e-01
6.769631070063566458e-01
-1.739080773035297955e+00
1.191074769032001157e+00
1.013329619337200116e+00
7.046323491404267170e-01
8.644776570243550839e-01
7.227377775990726505e-01
1.120770622129309446e+00
1.850815771004529431e+00
2.242920439868350435e+00
1.062372762101946533e+00
1.263893838219583232e+00
2.283392931425276995e+00
7.270011101559699096e-01
1.322323368244011421e+00
8.657629093906523687e-01
3.801788283432629978e-01
1.027039717174718758e+00
2.683423143032791280e+00
2.236694732781560058e-01
2.534232448860574749e+00
4.096640876480575066e-01
1.418801197688093874e+00
9.223296632324321509e-01
-2.019855586301577688e-02
-1.099791202361128484e+00
1.503272350851172501e+00
1.278594556975060970e+00
-2.913543943418830384e-01
3.554431237750463879e-01
7.394417939928052963e-01
3.574519769694957105e-01
5.075716211364921238e-01
4.837639345859506834e-01
-4.633152718800093162e-02
1.604174614307680935e+00
2.089833487614318308e+00
9.689717104896032884e-01
1.078403841938045948e+00
-7.101724649865248651e-02
3.142428628170228500e+00
-2.291611661638870423e-01
7.732016506300753989e-01
2.092231362470027278e+00
6.970392606152135961e-01
8.233800480301105562e-01
1.300966792763964319e+00
-3.790852016798214041e-01
1.179835164496687794e+00
1.202595409255220904e+00
1.125790286510313098e+00
-5.113614813381142099e-01
-7.361759970731349689e-01
-5.448578020182657244e-01
9.305402952742822809e-01
-9.219336833238834794e-01
-2.701974571999042674e+00
-4.925152674571537936e-01
2.556054985015436820e-01
-1.936173619906886856e+00
6.914103755858183042e-01
-1.543040173941906845e+00
-1.412155620406546408e+00
-2.095336531923159384e+00
-8.740602941707640294e-01
5.804511200304967034e-01
-3.046415268102091289e+00
-1.427961311516334320e+00
9.018242844252739587e-01
-2.507452520933046713e+00
-7.472427616722521204e-01
-1.086861567633428782e+00
5.584765690604212018e-01
1.051796330922896150e-01
-5.756173764504222135e-01
6.730544390447468217e-02
-7.077492642795553124e-01
3.345996282199419358e-01
6.763576778426825253e-01
-2.318380364132048399e+00
-2.056353872595466648e+00
-6.225572308646183384e-01
-1.998780234951490486e-01
-1.012589718444950826e+00
-1.144348484413173717e+00
-1.416940809823954428e-01
-9.495758302217830460e-01
-4.617812141227988221e-01
-1.674014298431051095e+00
-8.568931328425771765e-01
-8.800742541217674297e-01
1.063851376086076606e+00
-1.036165773962088199e+00
-8.812435075893721992e-01
-1.191308231638366522e+00
-4.190883259183246778e-01
-1.012177180522339404e+00
5.294424137709954348e-01
-3.393058667222044633e+00
-1.284414399069321533e+00
-3.250695762684373546e-01
-4.231055077667278397e-01
-2.268126085961470473e+00
-2.297003107599457472e+00
2.835780402773329101e-01
-1.381607864369404082e+00
-8.589515938491953939e-02
-3.908124397847081433e-01
-7.073174459598756680e-01
-1.692163495038712107e+00
-1.751309993188521652e+00
-1.399085895837147042e+00
-4.840877824724421075e-01
-1.797571236029154473e+00
-1.326793291169024558e+00
-6.253596250076629559e-01
-1.530914128501995819e+00
-7.101268901007939949e-02
1.209323017967039782e+00
-6.767596341921220393e-01
5.009518094565010848e-01
1.559438023029136033e-02
3.673497177431261917e-03
-1.227724490730525808e+00
3.054100071717025244e-01
-4.504956057108344680e-01
-2.191099539010224362e+00
-2.567550482427105152e+00
-7.137212048540678699e-01
2.986854648744377005e-01
-1.210434458216695264e+00
-1.187571747368685093e+00
-7.785731251083877202e-01
8.954582452473514032e-01
-1.616105650922485815e+00
-1.621525854010633427e+00
-2.732208214974642502e+00
2.089428504155399491e-01
-7.759437503124392288e-01
-9.598710378363947138e-01
-7.222329882641720378e-01
-1.799194274851579234e+00
1.804801908745380157e+00
-2.267787684250133218e+00
-1.961930830480140830e+00
-1.094839170300364151e+00
-1.095294787748441134e+00
-4.648157276541751148e-01
-1.935498289616412126e+00
6.179059975124112647e-02
