4.887217161129368215e+00
2.716685930410463801e+00
4.115829210545186356e+00
2.745122416622024275e+00
4.843258927265110536e+00
4.656053767058571324e+00
4.598330070950468418e+00
4.286467201102449387e+00
4.971165717249973248e+00
5.217878471098375215e+00
4.006116163841806355e+00
4.781651307686354713e+00
5.135104851135507964e+00
5.960968486110321152e+00
5.396698360611376977e+00
5.414589276854724353e+00
6.210548144542843652e+00
6.545879252572628815e+00
3.343450129505072255e+00
4.292611006064888990e+00
5.645644756917028495e+00
3.144800174401289894e+00
3.851115364893406223e+00
5.491645779247441794e+00
5.745613872845466652e+00
3.947418444858062259e+00
5.469953475107322660e+00
4.221852211569370183e+00
6.115936632041961474e+00
3.556866062706389275e+00
6.092310317191733660e+00
5.568516303414370761e+00
6.716313839871528302e+00
5.338604075294439255e+00
5.522803246046412262e+00
6.731800473423194653e+00
4.685858776571494744e+00
4.622378682378817771e+00
3.550398233974418005e+00
5.814333486554502883e+00
5.142237777991208958e+00
6.129125317353552482e+00
5.620707551909688959e+00
5.285455864915951096e+00
6.169952097611605346e+00
5.629554960647325856e+00
7.281396971155007947e+00
6.029340841560991038e+00
5.858902279455374895e+00
6.450816608391358287e+00
3.783079694694544415e+00
4.392798992526142143e+00
5.849503467144977265e+00
5.270962847420050501e+00
5.598905118266343628e+00
4.722655201289787996e+00
4.570456119166992792e+00
5.937686552644638738e+00
4.668096115966454462e+00
5.233305726174148909e+00
3.561361449795367839e+00
6.634755100856139620e+00
5.705033065011827276e+00
4.841779573378018675e+00
5.036212604255136505e+00
3.598969071449915624e+00
4.018973769270379748e+00
6.618757447652238390e+00
5.216349163570025205e+00
4.464010594430382284e+00
6.124969662041076290e+00
7.178471039349089367e+00
2.862418340352484769e+00
4.649574227242566415e+00
3.715093966201386433e+00
5.598656518172331786e+00
3.717367627690414622e+00
4.067474569060222755e+00
5.727466123575557511e+00
3.792732966936999350e+00
3.656989280466102166e+00
5.398467584820052956e+00
6.560102356188599160e+00
4.091875802074359747e+00
5.343763338759096371e+00
3.863599763110692642e+00
4.665278306344441184e+00
6.402574903511900395e+00
4.318704420209386718e+00
4.579012436533735908e+00
4.681571868429184491e+00
5.404270898230917552e+00
5.209026734025949956e+00
5.492809067140218993e+00
4.916878013377340650e+00
4.448200339023159700e+00
5.352180085665488640e+00
5.738630516511213031e+00
5.729121546604199366e+00
4.313270492881986939e+00
-5.377829788304877567e+00
-3.731709637293995740e+00
-5.719868287195253309e+00
-4.602957098905408273e+00
-5.758157080015177343e+00
-2.983409287863904247e+00
-4.402625231319158949e+00
-6.354709062476115555e+00
-5.612039285055452353e+00
-5.985062052500520480e+00
-4.891144655449577883e+00
-4.683344787503184392e+00
-5.238355727512240989e+00
-4.741065571348263674e+00
-7.081647667527457557e+00
-5.598907080117332846e+00
-4.850447082864900672e+00
-5.706267682311408684e+00
-5.846303170381347059e+00
-4.214881192689576395e+00
-5.092688253815407684e+00
-4.364191390471252596e+00
-6.010101431612340228e+00
-5.126569548811674260e+00
-3.990837957303588368e+00
-4.707724867933920088e+00
-5.098709701451142884e+00
-4.430021163643493409e+00
-5.976869262004217198e+00
-5.646786368195504835e+00
-5.837630482147963207e+00
-5.509005501684561601e+00
-5.019225345646612269e+00
-3.051475312146662677e+00
-3.873391886735848999e+00
-4.411799499611156250e+00
-5.072963349622400919e+00
-5.561664862233727469e+00
-5.718939761190475757e+00
-3.707515710000249598e+00
-4.181089455622856832e+00
-3.653903094814715757e+00
-5.950194165927303658e+00
-5.706344636240587853e+00
-6.546684210145154559e+00
-5.432089441806666308e+00
-8.065108596250578188e+00
-5.494458423022819282e+00
-3.983703089771034378e+00
-5.441489824639998751e+00
-4.236639757031139375e+00
-5.719842104237600644e+00
-4.997980071009229697e+00
-5.820227311710960194e+00
-5.438831174776500355e+00
-6.054169613803982664e+00
-6.423268535209237129e+00
-5.151502705547454930e+00
-5.947305527875820452e+00
-4.909846188248353727e+00
-4.407320055815804771e+00
-5.144498374107365102e+00
-3.800298531268448965e+00
-5.293585174164639362e+00
-5.826306340387447769e+00
-2.851544540622474866e+00
-6.383708589047354387e+00
-4.894563026007220152e+00
-5.213490578561092548e+00
-5.313245169128082424e+00
-5.930485667479067580e+00
-4.503449283830290639e+00
-5.132761138208144835e+00
-3.644630788838663094e+00
-5.251356317519336514e+00
-6.183604669523630193e+00
-4.677734077608098673e+00
-5.345669892154728764e+00
-4.515226430883185316e+00
-4.831037095623180733e+00
-5.809100824189221690e+00
-5.669350545349471027e+00
-3.912265604106229588e+00
-5.902608799297786923e+00
-5.931328841857172129e+00
-4.103726413471864731e+00
-6.520549383822883627e+00
-5.383247906045316888e+00
-5.822440512904586640e+00
-6.026653385898357307e+00
-3.607541437015398422e+00
-4.679884731182238689e+00
-3.839627058460556519e+00
-3.443725326219521321e+00
-4.811731233815479847e+00
-3.504636142679218302e+00
-4.991460730964150549e+00
-4.389543994349343947e+00
-4.733320183676945625e+00
-6.217491796095752754e+00
